V 54
K 1
D 0 -2032000 3556000 0
Y 1
U 3175000 762000 254000 0 2 3 REFDES=IC?
U 3175000 508000 254000 0 2 3 DEVICE=LM61440AANRJRR
U 3175000 254000 254000 0 2 0 PKG_TYPE=LM61440AASQRJRRQ1
U 3175000 0 254000 0 2 0 Description=Switching Controllers 3-V to 36-V, 4-A, low-noise synchronous step-down converter 14-VQFN-HR -40 to 150
U 3175000 -254000 254000 0 2 0 Datasheet Link=https://www.ti.com/lit/gpn/LM61440
U 3175000 -508000 254000 0 2 0 Height=1
U 3175000 -762000 254000 0 2 0 Mouser Part Number=595-LM61440AANRJRR
U 3175000 -1016000 254000 0 2 0 Mouser Price/Stock=https://www.mouser.co.uk/ProductDetail/Texas-Instruments/LM61440AANRJRR?qs=vmHwEFxEFR8iu%252B2xr1IAew%3D%3D
U 3175000 -1270000 254000 0 2 0 Manufacturer_Name=Texas Instruments
U 3175000 -1524000 254000 0 2 0 Manufacturer_Part_Number=LM61440AANRJRR
U 0 0 254000 0 1 0 FORWARD_PCB=1
l 5 508000 254000 3048000 254000 3048000 -2286000 508000 -2286000 508000 254000
|GRPHSTL -1 -1 -1 1
P 1 0 0 508000 0 0 2 0
L 584200 0 228600 0 2 0 1 0 BIAS_1
A 355600 50800 203200 0 9 3 #=1
A 0 0 9 0 3 0 PINTYPE=BI
P 2 0 -254000 508000 -254000 0 2 0
L 584200 -254000 228600 0 2 0 1 0 VCC
A 355600 -203200 203200 0 9 3 #=2
A 0 0 9 0 3 0 PINTYPE=BI
P 3 0 -508000 508000 -508000 0 2 0
L 584200 -508000 228600 0 2 0 1 0 AGND
A 355600 -457200 203200 0 9 3 #=3
A 0 0 9 0 3 0 PINTYPE=BI
P 4 0 -762000 508000 -762000 0 2 0
L 584200 -762000 228600 0 2 0 1 0 FB
A 355600 -711200 203200 0 9 3 #=4
A 0 0 9 0 3 0 PINTYPE=BI
P 5 0 -1016000 508000 -1016000 0 2 0
L 584200 -1016000 228600 0 2 0 1 0 PGOOD_1
A 355600 -965200 203200 0 9 3 #=5
A 0 0 9 0 3 0 PINTYPE=BI
P 6 0 -1270000 508000 -1270000 0 2 0
L 584200 -1270000 228600 0 2 0 1 0 RT
A 355600 -1219200 203200 0 9 3 #=6
A 0 0 9 0 3 0 PINTYPE=BI
P 7 0 -1524000 508000 -1524000 0 2 0
L 584200 -1524000 228600 0 2 0 1 0 EN/SYNC
A 355600 -1473200 203200 0 9 3 #=7
A 0 0 9 0 3 0 PINTYPE=BI
P 8 0 -1778000 508000 -1778000 0 2 0
L 584200 -1778000 228600 0 2 0 1 0 VIN1
A 355600 -1727200 203200 0 9 3 #=8
A 0 0 9 0 3 0 PINTYPE=BI
P 9 0 -2032000 508000 -2032000 0 2 0
L 584200 -2032000 228600 0 2 0 1 0 PGND1_1
A 355600 -1981200 203200 0 9 3 #=9
A 0 0 9 0 3 0 PINTYPE=BI
P 10 3556000 0 3048000 0 0 3 0
L 2971800 0 228600 0 8 0 1 0 SW
A 3200400 50800 203200 0 3 3 #=10
A 0 0 9 0 3 0 PINTYPE=BI
P 11 3556000 -254000 3048000 -254000 0 3 0
L 2971800 -254000 228600 0 8 0 1 0 PGND2_1
A 3200400 -203200 203200 0 3 3 #=11
A 0 0 9 0 3 0 PINTYPE=BI
P 12 3556000 -508000 3048000 -508000 0 3 0
L 2971800 -508000 228600 0 8 0 1 0 VIN2
A 3200400 -457200 203200 0 3 3 #=12
A 0 0 9 0 3 0 PINTYPE=BI
P 13 3556000 -762000 3048000 -762000 0 3 0
L 2971800 -762000 228600 0 8 0 1 0 RBOOT
A 3200400 -711200 203200 0 3 3 #=13
A 0 0 9 0 3 0 PINTYPE=BI
P 14 3556000 -1016000 3048000 -1016000 0 3 0
L 2971800 -1016000 228600 0 8 0 1 0 CBOOT
A 3200400 -965200 203200 0 3 3 #=14
A 0 0 9 0 3 0 PINTYPE=BI
P 15 3556000 -1270000 3048000 -1270000 0 3 0
L 2971800 -1270000 228600 0 8 0 1 0 BIAS_2
A 3200400 -1219200 203200 0 3 3 #=15
A 0 0 9 0 3 0 PINTYPE=BI
P 16 3556000 -1524000 3048000 -1524000 0 3 0
L 2971800 -1524000 228600 0 8 0 1 0 PGOOD_2
A 3200400 -1473200 203200 0 3 3 #=16
A 0 0 9 0 3 0 PINTYPE=BI
P 17 3556000 -1778000 3048000 -1778000 0 3 0
L 2971800 -1778000 228600 0 8 0 1 0 PGND1_2
A 3200400 -1727200 203200 0 3 3 #=17
A 0 0 9 0 3 0 PINTYPE=BI
P 18 3556000 -2032000 3048000 -2032000 0 3 0
L 2971800 -2032000 228600 0 8 0 1 0 PGND2_2
A 3200400 -1981200 203200 0 3 3 #=18
A 0 0 9 0 3 0 PINTYPE=BI
E
